1 18 5
1 20 5
2 9 8
2 6 6
2 3 2
3 21 3
3 12 7
3 3 4
3 8 7
4 19 6
4 2 12
4 20 8
4 25 11
4 4 7
4 9 4
4 17 2
4 19 3
4 13 13
4 10 9
4 5 14
4 11 6
5 14 2
5 18 5
6 22 1
7 5 11
7 7 7
7 24 10
7 10 5
7 16 2
7 7 14
7 15 12
7 13 14
8 8 10
8 9 6
8 9 10
9 3 12
9 12 12
9 25 8
9 5 3
9 23 13
9 16 12
10 6 3
10 25 12
10 1 11
11 25 2
11 8 12
12 13 8
13 4 4
13 10 5
13 22 4
13 22 12
13 14 9
14 17 13
14 11 15
14 13 9
14 21 7
14 1 2
14 25 11
14 22 4
14 19 5
14 10 9
15 19 9
16 14 8
16 4 14
16 9 3
16 11 3
16 15 15
17 11 7
17 25 5
17 24 4
17 9 10
17 15 3
17 11 4
17 24 13
17 4 9
18 9 4
18 22 9
18 15 9
18 8 13
19 14 8
19 5 11
19 9 12
19 14 2
19 3 10
19 6 4
19 13 12
19 9 5
19 20 7
19 24 3
19 22 15
19 2 8
19 1 3
19 11 4
19 12 4
20 15 1
20 3 11
21 11 14
21 18 13
22 8 15
23 22 15
23 5 14
23 1 11
23 25 2
23 21 1
23 4 15
24 5 2
24 5 5
25 17 5
26 21 13
27 12 11
28 8 6
28 15 2
28 22 12
28 14 11
28 4 13
28 8 6
28 7 2
28 22 8
29 20 7
30 5 2
30 1 14
30 20 15
30 15 4
30 5 6
30 25 2
30 25 3
30 19 8
30 9 12
30 1 3
30 15 10
31 25 13
31 9 6
31 23 4
31 24 6
31 19 3
31 3 6
31 3 3
31 3 1
32 25 14
33 12 7
33 8 1
34 1 12
34 18 3
34 15 11
34 11 4
34 21 11
34 9 2
35 22 3
35 1 6
36 21 10
36 1 12
36 9 8
37 17 14
38 2 15
38 15 15
39 1 13
40 2 11
41 21 6
41 3 14
41 15 10
41 12 1
42 3 15
43 3 5
43 24 6
43 13 4
43 13 2
43 1 5
44 3 2
45 2 2
45 12 3
45 21 1
45 14 14
45 2 3
45 1 14
45 4 11
46 3 1
46 15 9
46 8 15
47 9 9
47 2 6
48 4 4
48 6 1
48 5 11
49 23 11
50 11 7
51 2 13
51 8 13
51 20 7
51 23 8
51 18 7
51 17 4
51 5 6
51 8 7
52 4 13
52 10 10
52 8 15
53 14 13
53 12 11
53 24 11
53 24 3
53 12 2
53 10 6
53 21 7
53 6 14
53 24 5
53 19 15
53 10 7
53 2 11
54 24 12
54 14 7
54 6 3
55 12 8
55 4 13
55 22 14
55 14 6
55 19 11
55 8 3
55 20 12
55 14 6
55 23 10
56 21 4
57 2 11
57 9 6
57 18 1
57 7 4
58 1 14
59 23 15
59 12 8
59 17 15
59 14 15
60 3 11
60 14 8
61 2 8
61 21 14
61 10 11
62 24 11
62 23 10
62 22 14
62 14 11
62 15 1
63 18 15
63 17 15
63 8 1
63 1 10
63 23 9
63 10 14
63 15 9
64 21 3
64 4 15
64 20 6
65 20 1
65 21 9
65 21 2
66 8 8
66 13 11
66 2 4
66 3 6
66 16 1
66 19 13
67 19 8
67 14 10
67 14 3
68 11 12
68 5 9
68 16 15
69 6 1
69 18 7
70 11 7
70 14 14
70 25 14
70 10 8
70 20 1
71 2 2
71 6 12
72 22 15
73 15 3
73 14 3
73 24 8
73 7 14
73 5 1
73 13 11
74 16 2
74 17 5
74 7 8
74 14 8
74 16 7
74 17 1
74 13 2
75 1 8
76 19 4
77 3 14
77 9 10
77 10 9
78 24 10
78 14 5
78 1 6
79 9 6
79 12 10
79 2 4
79 3 7
79 24 8
80 25 1
80 24 7
80 4 10
81 20 2
81 21 2
81 18 1
81 24 10
81 14 3
81 12 10
81 12 15
82 16 10
83 20 14
84 22 15
84 16 1
84 6 10
84 14 3
84 11 11
85 25 11
86 2 2
87 5 11
88 24 9
88 8 2
89 14 4
89 16 14
89 4 15
89 1 2
90 25 7
91 18 9
91 19 6
91 5 1
92 10 14
92 6 7
92 18 14
92 15 7
92 2 7
92 2 2
93 7 15
93 12 7
93 22 5
94 16 8
94 25 2
94 13 14
94 7 14
94 3 3
94 7 8
95 6 10
96 10 7
97 19 12
97 5 11
98 24 7
98 7 10
98 9 3
98 21 3
99 5 14
99 19 7
99 24 2
100 13 9
101 23 7
101 13 11
101 9 3
101 24 6
101 1 4
101 3 4
101 16 11
102 13 13
102 23 9
103 4 7
104 6 10
104 9 5
104 16 11
105 13 6
105 18 12
105 24 2
105 22 9
105 14 4
105 16 2
105 16 9
106 21 6
107 8 13
107 25 10
108 6 4
108 9 6
108 13 2
108 4 4
109 15 10
110 25 11
111 13 15
111 24 15
111 9 14
112 11 3
112 3 5
113 2 2
113 25 1
113 20 14
113 17 10
114 16 11
115 17 11
116 10 10
117 19 10
118 1 1
118 15 7
118 19 14
118 19 2
118 23 10
119 11 3
120 17 1
120 25 15
121 6 6
122 23 2
122 23 8
123 6 1
123 1 9
123 7 8
124 15 4
124 13 13
124 16 4
124 10 5
124 12 15
124 21 2
125 1 13
125 13 3
126 25 13
127 9 3
127 2 9
127 24 13
127 2 11
128 8 7
129 1 5
129 3 10
129 10 3
129 19 2
129 9 14
129 2 2
129 13 14
129 9 11
129 11 14
130 19 14
130 1 4
131 1 10
131 5 15
131 16 3
131 19 5
132 23 1
132 18 3
133 21 13
133 7 1
133 13 14
133 21 10
134 18 6
134 9 7
134 21 9
135 9 14
135 9 2
135 11 3
135 10 7
135 4 3
135 14 7
136 1 10
136 9 7
137 7 3
137 15 11
138 1 12
138 9 6
138 24 4
139 9 6
139 11 11
140 13 8
141 4 13
141 20 15
141 3 8
141 11 9
141 23 9
141 16 7
142 1 13
142 24 7
142 9 12
142 5 1
142 20 6
142 7 10
142 13 15
143 9 4
144 19 8
145 11 10
145 23 11
146 16 11
147 18 11
147 4 10
148 3 14
148 21 3
148 2 6
148 4 15
148 15 10
148 25 13
148 9 8
148 3 9
148 8 7
149 23 12
149 12 2
149 14 4
149 8 13
149 5 4
149 22 11
149 5 5
149 6 4
149 13 5
149 18 12
150 17 13
150 24 4
151 22 11
151 17 4
151 5 9
151 1 13
152 7 11
152 2 4
152 10 11
153 9 8
153 5 15
153 6 2
154 23 14
154 12 15
154 3 13
154 17 10
155 20 8
155 19 2
156 25 8
156 3 12
156 13 12
157 6 9
158 6 3
158 16 9
158 4 4
158 16 7
158 21 6
158 15 1
158 9 6
158 8 8
158 22 3
158 8 11
159 7 13
160 5 7
160 2 8
161 22 2
162 15 3
163 12 6
163 15 1
163 3 14
163 12 7
163 6 8
163 3 12
163 7 12
164 23 5
164 11 7
164 10 9
165 4 8
165 19 14
165 8 8
165 2 14
165 2 2
165 6 9
165 24 2
166 24 15
167 4 12
167 25 6
167 16 3
168 7 13
168 7 13
168 22 1
169 8 15
169 16 12
169 19 2
170 24 2
171 17 7
171 21 10
171 14 5
172 20 14
172 16 7
172 19 12
172 23 9
172 25 11
172 25 1
172 22 4
173 11 4
174 7 8
175 20 12
175 11 8
175 7 13
175 19 14
176 13 7
177 3 2
177 23 4
178 18 3
178 14 6
178 23 2
178 10 8
179 19 13
179 8 3
179 4 10
179 21 11
179 15 2
179 7 12
179 19 6
180 19 7
180 19 12
180 5 14
180 7 4
180 14 5
181 12 11
182 25 11
182 6 7
182 1 7
182 10 7
183 8 1
184 1 8
184 13 6
185 23 3
185 6 1
185 9 9
186 22 15
186 23 1
186 23 1
187 6 12
187 14 2
188 16 2
188 10 8
189 6 13
190 18 7
190 13 9
190 19 3
190 1 1
190 10 5
190 4 6
191 25 6
192 12 12
192 4 4
193 13 8
194 9 6
194 19 5
195 5 13
196 20 6
196 23 5
196 2 7
197 16 15
197 14 6
197 21 2
197 9 10
197 4 15
197 13 6
197 22 9
197 11 10
197 16 3
197 2 11
197 18 15
197 22 3
197 21 8
197 14 10
198 14 14
199 2 9
199 5 12
199 23 8
199 14 7
200 22 11
201 21 11
201 17 8
201 2 6
201 19 9
201 8 4
201 23 8
201 14 10
201 15 10
201 24 11
202 25 2
202 9 9
202 6 7
202 21 11
203 1 15
203 14 11
203 10 1
203 9 8
204 21 13
204 6 15
204 7 7
204 1 3
204 17 13
205 5 10
205 18 12
206 19 3
206 20 13
207 17 7
207 11 2
208 8 7
208 1 13
208 25 5
209 2 12
209 5 1
209 23 7
209 13 6
209 19 9
209 7 14
209 2 15
209 15 9
209 9 15
209 22 9
210 23 4
211 7 10
211 17 4
211 10 9
211 3 8
211 17 8
211 17 8
211 1 2
211 13 11
212 11 3
212 11 10
212 25 9
212 21 7
213 14 4
214 21 3
214 18 5
215 14 8
215 18 10
216 2 4
216 2 11
216 9 3
216 6 12
216 20 11
217 7 11
217 17 14
218 16 11
219 23 7
220 9 6
221 20 1
221 4 1
221 9 9
222 4 11
222 23 2
223 16 9
223 9 13
223 9 15
223 9 1
223 19 13
223 11 9
223 18 10
224 14 4
224 8 2
225 20 11
225 14 10
225 12 6
225 5 13
225 3 15
225 5 8
225 25 11
226 20 15
226 16 9
226 24 6
227 23 12
228 24 14
229 3 15
229 19 3
229 14 5
229 23 11
230 18 12
230 3 2
230 4 1
230 24 9
230 11 13
231 13 3
231 21 1
231 24 12
231 14 3
231 18 4
232 25 6
232 8 15
232 4 1
233 7 10
233 6 3
234 8 11
235 7 11
235 3 7
235 10 4
235 9 8
236 6 10
237 8 14
237 16 13
238 23 12
238 16 8
238 4 2
239 12 10
239 12 12
239 2 11
239 23 14
240 9 7
240 7 13
241 13 10
242 5 9
242 6 2
242 6 11
243 10 13
243 11 9
244 7 15
244 19 7
245 22 9
245 14 12
245 18 7
245 3 4
245 6 11
246 2 5
246 19 9
246 18 9
246 13 4
246 12 15
246 3 14
246 24 10
246 25 2
247 1 9
247 12 15
247 19 7
247 12 10
248 18 2
249 5 2
249 9 9
249 18 3
249 20 11
250 15 11
251 19 15
251 25 11
251 9 10
251 10 10
251 16 9
251 1 12
252 4 7
252 16 1
252 21 7
252 2 5
253 9 11
253 1 12
253 7 4
253 3 8
253 16 3
253 11 14
254 15 14
255 1 11
255 21 4
255 6 1
256 24 10
256 1 2
256 2 8
256 25 1
257 22 11
258 21 3
258 19 14
259 13 4
259 13 8
259 15 13
260 4 7
260 15 14
261 21 5
261 21 8
261 13 3
261 6 4
261 18 14
261 3 6
261 2 4
262 20 7
263 15 4
264 2 14
265 1 5
265 1 12
266 3 14
266 10 2
266 8 14
266 20 5
266 9 14
266 3 15
267 17 12
268 24 1
269 5 2
269 16 12
269 10 11
269 19 2
269 24 8
269 25 5
269 9 11
270 21 8
270 10 15
271 24 11
272 25 4
272 13 1
272 8 13
273 5 1
273 17 7
273 10 6
274 24 7
275 22 5
275 2 15
276 9 13
276 19 7
277 14 1
277 19 11
278 15 7
278 8 14
278 13 10
278 21 13
278 14 2
279 18 13
280 5 12
281 10 14
281 12 9
281 5 1
282 18 11
282 21 9
282 13 9
282 17 10
283 7 2
283 12 5
284 14 6
284 8 13
284 2 2
285 9 7
285 14 8
285 11 14
285 3 7
285 24 12
286 1 4
286 12 10
287 5 8
288 2 14
289 21 5
289 8 10
289 16 14
290 10 3
290 11 12
290 5 8
290 24 5
290 17 8
290 8 1
290 17 3
290 11 4
290 17 15
290 13 10
290 18 11
290 14 13
290 17 14
291 20 12
292 18 7
292 15 1
292 8 15
292 23 13
292 14 11
292 19 11
292 19 12
292 2 3
292 21 12
292 15 15
292 19 5
292 1 3
292 2 7
293 19 13
294 12 1
294 10 10
295 14 15
295 14 14
296 6 9
297 25 12
297 7 14
298 18 12
299 24 12
300 12 1
300 20 12
301 5 13
301 15 6
302 12 13
303 4 10
303 7 14
303 17 9
304 11 8
304 8 2
305 11 7
305 22 13
305 15 14
305 23 1
305 12 3
305 4 2
306 16 1
306 21 6
307 24 12
307 15 12
308 14 1
308 20 5
309 10 10
309 17 1
309 4 14
309 19 12
310 5 3
310 20 10
310 22 15
310 4 15
311 22 9
311 9 1
312 5 12
312 9 13
312 7 9
313 23 13
313 20 4
314 21 7
314 10 3
314 10 14
315 9 14
315 19 12
315 16 10
316 25 8
317 2 11
318 18 8
319 6 14
319 11 5
319 10 2
319 16 8
320 21 4
320 13 10
321 8 10
321 14 7
321 19 15
322 21 3
323 22 15
323 19 15
324 5 6
324 9 11
324 3 8
324 16 3
324 1 4
325 5 1
325 7 11
325 24 13
325 5 2
325 5 1
325 19 7
326 4 4
327 6 12
328 3 1
328 16 10
328 12 5
329 15 11
330 13 3
331 7 3
331 8 14
331 21 6
331 2 4
331 8 10
331 1 15
331 2 12
331 2 4
331 17 6
332 19 15
332 4 15
333 5 4
333 20 7
334 3 13
334 16 13
334 23 4
335 4 4
335 23 9
335 12 14
335 7 8
335 4 2
335 16 9
335 16 4
335 10 4
335 16 9
335 1 4
336 9 11
336 7 3
336 11 13
336 2 7
336 11 12
336 13 4
337 9 6
337 4 8
337 5 15
337 19 6
338 10 14
339 7 2
339 14 3
340 10 5
341 11 10
342 8 3
342 6 2
342 15 6
343 1 10
343 7 8
343 18 1
343 1 9
344 17 6
345 7 4
346 11 9
346 14 4
346 19 8
347 15 12
347 22 14
347 12 6
348 9 13
349 16 4
350 14 5
351 23 1
351 17 7
351 14 10
351 21 9
352 19 13
352 16 15
352 1 10
352 1 3
352 18 4
352 18 4
352 19 5
353 1 14
354 24 1
355 20 5
355 4 7
356 22 2
356 5 9
356 12 11
356 7 14
357 2 10
358 17 3
358 19 8
359 13 13
359 20 3
359 4 13
360 19 9
360 22 13
361 20 4
362 20 5
363 10 5
363 15 11
363 8 7
363 15 9
364 20 6
